LATITUDE,LONGITUDE,AGE,CU
23.5,119.4,12.8,57.0
35.0,132.0,8.04e-05,28.0
25.5,122.0,32.75,17.7
34.5,131.8,60.65,6.0
35.2,134.6,1.305,62.2
24.92,121.43,14.15,54.0
35.5,136.8,173.55,45.0
35.35,138.73,-0.000302,69.0
34.8,136.0,105.5,1.0
32.6,129.4,11.5,30.0
23.85,120.76700000000001,1.305,52.0
23.07,120.38,14.15,27.0
25.0,118.9,82.55,1.9
35.5,136.8,275.0,38.0
25.48,122.1,3.95,47.3
25.0,120.0,1.305,33.9
34.5,131.8,60.65,1.0
35.0,136.2,275.0,66.0
32.6,129.4,11.5,71.6
25.48,122.1,1.3,36.5
34.0,130.0,1.305,19.0
35.35,138.73,-0.000302,68.0
33.5,134.0,158.25,69.0
35.0,136.0,275.0,40.0
22.97,121.3,12.8,124.0
15.1892,120.486,-1.8e-05,28.0
34.5,131.8,60.65,3.0
35.4,133.0,13.8,33.0
34.0,130.0,87.0,1.5
35.5,136.8,275.0,126.0
33.0,130.0,32.75,30.0
24.83,121.33,14.15,41.0
35.5,136.8,173.55,48.0
34.7,135.6,275.0,62.0
32.6,129.4,11.5,33.1
35.2,134.6,1.305,2.5
35.2,134.6,1.305,5.2
32.6,129.4,11.5,36.7
33.5,130.5,105.5,164.0
35.35,138.73,-0.000302,53.0
34.5,131.8,60.65,22.0
23.85,120.76700000000001,1.305,78.0
35.0,136.0,275.0,32.0
32.6,129.4,11.5,42.7
32.2,130.3,158.25,21.1
33.0,130.0,32.75,6.0
22.97,121.3,12.8,42.0
34.0,130.0,87.0,2.7
32.75,130.3,-1.6e-05,14.0
34.5,131.8,60.65,0.6
34.5,131.8,60.65,3.0
34.5,131.8,60.65,2.0
35.5,136.0,105.5,2.0
33.5,130.5,105.5,7.0
33.0,130.0,32.75,29.0
35.0,136.0,275.0,76.0
1.3167,124.9,3.0,74.0
35.2,134.6,1.305,3.6
23.58,119.5,12.8,66.0
34.0,130.0,87.0,3.6
23.58,119.5,12.8,65.0
15.5717,116.15799999999999,5.855,42.0
25.03,121.67,12.8,21.0
23.85,120.76700000000001,1.305,81.0
33.5,130.5,105.5,14.0
31.4,130.5,271.0,35.0
32.2,130.3,158.25,20.0
34.38,134.12,82.9,5.0
33.0,130.0,32.75,40.0
35.38,138.7,0.0555,54.0
34.5,131.8,60.65,15.0
35.0,132.0,8.340000000000001e-05,41.0
35.5,136.8,173.55,64.0
15.1892,120.486,-1.8e-05,50.0
34.0,130.0,87.0,1.9
33.5,130.5,105.5,13.0
35.2,137.0,105.5,2.0
25.0,120.0,3.95,45.5
32.6,129.4,11.5,15.2
15.13,120.35,-1.8e-05,89.0
25.0,118.9,82.55,1.89
35.4,133.0,13.8,32.0
15.13,120.35,0.0006360000000000001,37.0
35.2,134.6,1.305,5.4
22.97,121.3,12.8,25.0
33.0,130.0,32.75,32.0
33.5,134.0,158.25,46.0
33.5,130.5,105.5,15.0
33.5,134.0,158.25,19.0
15.0511,120.289,-1.8e-05,81.0
35.0,132.0,8.04e-05,9.0
32.6,129.4,11.5,67.7
34.8,136.0,82.5,2.0
32.75,130.3,-1.4000000000000001e-05,10.0
23.58,119.5,12.8,74.0
35.1167,135.833,1.305,63.0
25.0,120.0,1.305,34.8
23.85,120.76700000000001,1.305,70.0
15.13,120.35,-1.8e-05,100.0
26.3,126.7,3.95,55.0
33.8,134.2,158.25,34.0
34.5,131.8,60.65,12.0
32.6,129.4,11.5,38.5
35.35,138.73,-0.000302,40.0
23.07,120.38,14.15,36.0
35.35,138.73,-0.000302,74.0
35.35,138.73,-0.000302,54.0
33.5,130.5,105.5,19.0
25.0,118.9,82.55,1.37
23.58,119.5,12.8,70.0
33.5,130.5,105.5,25.0
35.38,138.7,0.0555,123.0
35.0,136.0,275.0,45.0
35.4,133.0,13.8,23.0
35.0,136.0,275.0,31.0
33.5,130.5,105.5,29.0
32.6,129.4,11.5,62.3
33.0,130.0,32.75,30.0
35.5,136.8,173.55,49.0
34.8,136.0,105.5,20.0
25.48,122.1,1.3,32.1
33.5,130.5,105.5,51.0
35.35,138.73,-0.000302,147.0
35.0,136.2,275.0,149.0
35.4,133.0,13.8,18.0
33.8,134.2,158.25,136.0
24.82,121.1,14.15,54.0
32.6,129.4,11.5,11.0
32.6,129.4,11.5,69.9
24.8,121.17,11.0,69.0
24.5,124.0,44.85,22.0
34.0,130.0,87.0,10.8
35.35,138.73,-0.000302,75.0
33.0,130.0,32.75,2.0
22.97,121.3,12.8,34.0
32.2,130.3,158.25,38.0
25.0,120.0,3.95,18.7
31.0,130.0,12.8,23.0
35.0,136.5,1.305,12.0
34.5,131.8,60.65,6.0
34.5,131.8,60.65,42.0
35.2,134.6,1.305,2.6
32.6,129.4,11.5,20.8
24.83,121.33,14.15,44.0
33.5,130.5,105.5,4.0
33.8,134.2,158.25,87.0
35.35,138.73,-0.000302,79.0
24.8,121.17,11.0,40.0
34.8,136.0,82.5,3.0
32.2,130.3,158.25,69.0
25.03,121.67,12.8,22.0
32.6,129.4,11.5,19.9
35.5,136.8,173.55,42.0
25.93,123.68,3.95,83.0
25.03,121.67,12.8,58.0
32.6,129.4,11.5,45.0
24.83,121.33,14.15,57.0
35.8,137.9,71.1,36.0
34.8,136.0,105.5,4.0
32.8,131.5,158.25,42.0
35.0,136.2,275.0,104.0
33.0,130.0,32.75,4.0
34.5,131.8,60.65,21.0
32.2,130.3,158.25,50.5
35.2,134.6,1.305,4.0
25.0,120.0,1.305,38.5
33.8,134.2,158.25,24.0
24.83,121.33,14.15,63.0
32.2,130.3,158.25,66.4
33.0,130.0,32.75,29.0
34.0,130.0,87.0,2.3
23.58,119.5,12.8,74.0
33.5,130.5,105.5,28.0
33.5,130.5,105.5,64.0
35.5,136.0,105.5,4.0
35.4,133.0,13.8,6.0
25.48,122.1,3.95,39.3
32.72,132.53,16.0,7.2
35.5,136.8,275.0,49.0
33.2,133.5,158.25,27.0
32.6,129.4,11.5,40.8
35.5,136.0,105.5,41.0
32.6,129.4,11.5,28.6
35.35,138.73,-0.000302,114.0
35.5,136.8,275.0,64.0
26.22,125.0,14.15,65.0
22.97,121.3,12.8,29.0
35.38,138.7,0.0555,72.0
15.5717,116.15799999999999,5.855,42.7
34.5,131.8,60.65,59.0
36.4,136.5,132.9,12.0
23.85,120.76700000000001,1.305,41.0
33.5,130.5,105.5,16.0
35.5,136.8,173.55,54.0
35.38,138.7,0.0555,112.0
34.8,136.0,105.5,2.0
22.97,121.3,12.8,49.0
31.0,130.0,12.8,43.0
35.35,138.73,-0.000302,42.0
35.35,138.73,-0.000302,60.0
15.13,120.35,-1.8e-05,22.0
32.2,130.3,158.25,89.2
25.48,122.1,1.3,30.1
34.0,130.0,1.305,38.0
24.83,121.33,14.15,40.0
32.6,129.4,11.5,23.9
23.85,120.76700000000001,1.305,54.0
34.5,131.8,60.65,1.0
23.58,119.5,12.8,74.0
25.0,120.0,1.305,32.4
34.0,130.0,87.0,1.4
33.5,130.5,105.5,62.0
34.0,130.0,1.305,30.0
35.8,136.0,158.25,18.0
33.5,130.5,105.5,50.0
25.0,120.0,1.305,29.8
33.0,130.0,32.75,52.0
26.3,122.3,60.65,44.0
32.75,130.3,-1.7e-05,14.0
35.35,138.73,-0.000302,75.0
23.85,120.76700000000001,1.305,58.0
34.8,136.0,105.5,3.0
35.0,136.0,275.0,121.0
35.4,133.0,13.8,26.0
23.85,120.76700000000001,1.305,45.0
35.5,136.8,173.55,35.0
35.4,133.0,13.8,21.0
25.0,120.0,1.305,31.8
33.0,130.0,32.75,20.0
23.07,120.38,14.15,53.0
32.6,129.4,11.5,35.2
26.3,126.7,3.95,55.0
35.0,136.0,275.0,73.0
32.6,129.4,11.5,35.8
34.8,136.0,105.5,1.0
32.6,129.4,11.5,48.2
35.0,136.2,275.0,137.0
35.4,133.0,13.8,31.0
35.38,138.7,0.0555,83.0
34.8,136.0,105.5,2.0
35.35,138.73,-0.000302,71.0
25.0,120.0,1.305,32.5
35.2,134.6,1.305,8.8
24.83,121.33,14.15,49.0
23.07,120.38,14.15,59.0
35.2,134.6,1.305,64.3
36.0,136.0,14.15,23.0
24.8,121.17,14.15,57.0
32.6,129.4,11.5,66.2
35.35,138.73,-0.000302,199.0
34.5,131.8,60.65,2.0
35.4,133.0,13.8,26.0
32.6,129.4,11.5,32.2
23.85,120.76700000000001,1.305,60.0
24.93,121.37,14.15,56.0
35.2,137.0,72.3,1.0
34.0,130.0,87.0,2.3
35.4,133.0,13.8,26.0
31.0,130.0,12.8,39.0
34.5,131.8,60.65,10.0
36.0,136.0,14.15,15.0
33.0,130.0,32.75,17.0
15.1633,120.325,-1.8e-05,53.0
25.48,122.1,1.3,36.2
35.5,136.8,275.0,84.0
35.0,136.0,275.0,72.0
34.0,130.0,1.305,9.0
25.48,122.1,3.95,39.7
34.0,130.0,87.0,6.4
35.4,133.0,13.8,17.0
33.0,130.0,32.75,29.0
34.8,136.0,105.5,20.0
34.0,130.0,1.305,49.0
35.2,137.0,105.5,2.0
35.35,138.73,-0.000302,65.0
31.0,130.0,12.8,34.0
35.5,136.5,1.305,34.0
33.0,130.0,32.75,27.0
33.0,130.0,32.75,30.0
35.0,136.0,275.0,19.0
15.1633,120.325,-1.8e-05,56.0
34.5,131.8,60.65,17.0
32.2,130.3,158.25,35.0
33.5,130.5,105.5,4.0
25.0,120.0,3.95,102.5
34.0,130.0,87.0,1.2
32.6,129.4,11.5,47.2
16.3433,116.098,5.855,38.9
34.8,136.0,105.5,9.0
25.0,124.0,0.0049,10.0
35.35,138.73,-0.000302,176.0
1.3167,124.9,3.0,106.0
25.15,121.5,3.95,41.6
35.35,138.73,-0.000302,170.0
35.0,136.2,275.0,43.0
35.35,138.73,-0.000302,76.0
34.0,130.0,1.305,20.0
36.0,136.0,14.15,54.0
32.2,130.3,158.25,62.9
35.5,136.8,275.0,17.0
15.168,120.322,-1.8e-05,106.0
35.2,134.6,1.305,56.6
24.83,121.33,14.15,50.0
34.5,131.8,60.65,48.0
24.83,121.33,14.15,44.0
33.0,130.0,32.75,21.0
34.5,131.8,60.65,37.0
23.5,119.4,12.8,73.0
34.8,136.0,105.5,2.0
15.1111,120.30799999999999,-1.8e-05,87.0
35.5,136.0,105.5,4.0
25.48,122.1,3.95,41.0
32.6,129.4,11.5,18.9
15.13,120.35,-1.8e-05,71.0
25.8,121.1,44.85,131.0
32.75,130.3,-1.6e-05,8.0
36.0,136.0,14.15,26.0
23.75,119.62,12.8,55.0
34.0,130.0,1.305,46.0
35.35,138.73,-0.000302,69.0
25.48,122.1,1.3,54.3
32.6,129.4,11.5,18.3
23.85,120.76700000000001,1.305,72.0
35.0,136.0,275.0,115.0
32.6,129.4,11.5,37.0
33.5,130.5,105.5,38.0
34.0,130.0,87.0,1.3
24.83,121.33,14.15,61.0
23.85,120.76700000000001,1.305,58.0
24.95,121.35,14.15,57.0
32.6,129.4,11.5,34.6
32.6,129.4,11.5,40.1
25.03,121.67,12.8,16.0
35.35,138.73,-0.000302,61.0
31.0,130.0,12.8,50.0
33.5,130.5,105.5,32.0
25.0,120.0,3.95,94.6
34.5,131.8,60.65,18.0
32.6,129.4,11.5,20.3
15.0,120.75,0.005,50.0
15.0,120.75,0.005,28.0
15.0,120.75,0.005,50.0
33.5,130.5,105.5,8.0
33.5,134.0,158.25,50.0
15.1681,120.322,1.3,74.0
15.1681,120.322,1.3,84.0
15.1322,120.48299999999999,1.3,102.0
15.2667,120.367,1.3,32.0
15.1833,120.5,1.3,16.0
15.1333,120.5,1.3,72.0
15.15,120.35,1.3,83.0
23.07,120.38,14.15,66.0
15.1328,120.48299999999999,-1.8e-05,32.0
33.5,130.5,105.5,7.0
34.7,135.6,275.0,60.0
32.75,130.3,-1.8e-05,10.0
35.5,136.8,275.0,56.0
35.0,136.0,275.0,102.0
35.35,138.73,-0.000302,12.0
33.0,130.0,32.75,11.0
35.0,132.0,8.04e-05,59.0
23.58,119.5,12.8,65.0
33.5,130.5,105.5,8.0
35.2,134.6,1.305,102.0
35.38,138.7,0.0055,168.0
35.8,137.9,85.2,2.0
33.0,130.0,32.75,22.0
35.5,136.8,173.55,35.0
35.38,138.7,0.0555,82.0
32.2,130.3,158.25,79.5
23.58,119.5,12.8,78.0
35.2,134.6,1.305,19.8
31.75,130.75,0.00011750000000000001,6.0
32.6,129.4,11.5,43.7
34.5,131.8,60.65,9.0
31.0,130.0,12.8,42.0
24.8,121.17,11.0,49.0
34.5,131.8,60.65,13.0
25.0,120.0,3.95,37.0
32.2,130.3,158.25,23.0
35.2,137.0,72.3,1.0
35.5,136.0,105.5,1.0
32.72,132.53,16.0,3.2
25.15,121.5,3.95,59.8
35.1167,135.833,1.305,48.0
34.5,131.8,60.65,10.0
35.0,136.0,275.0,99.0
32.6,129.4,11.5,34.0
35.38,138.7,0.0555,183.0
35.5,136.0,105.5,5.0
15.1317,116.5,5.855,33.3
25.0,118.9,82.55,0.93
35.8,137.9,71.1,3.0
34.5,131.8,60.65,12.0
25.0,120.0,1.305,34.4
35.4,133.0,13.8,22.0
15.13,120.35,-1.8e-05,31.0
34.0,130.0,87.0,3.7
26.22,125.0,14.15,62.0
31.4,130.5,271.0,30.0
25.0,120.0,32.75,48.3
33.5,130.5,105.5,95.0
34.0,130.0,87.0,0.4
26.22,125.0,12.8,45.0
35.35,138.73,-0.000302,64.0
25.03,121.67,12.8,28.0
35.35,138.73,-0.000302,178.0
34.5,131.8,60.65,12.0
35.2,134.6,1.305,16.9
33.5,134.0,158.25,67.0
24.73,121.25,14.15,55.0
24.93,121.37,14.15,56.0
35.35,138.73,-0.000302,51.0
25.0,118.9,82.55,1.43
35.1167,135.833,1.305,56.0
15.13,120.35,0.03,72.0
35.5,136.5,1.305,15.0
25.0,120.0,3.95,40.8
35.5,136.8,173.55,36.0
25.08,121.57,21.5,40.0
35.5,136.5,1.305,18.0
35.8,136.0,158.25,6.0
25.03,121.67,12.8,54.0
35.0,132.0,8.04e-05,39.0
33.0,130.0,32.75,1.0
23.85,120.76700000000001,1.305,74.0
33.5,130.5,105.5,27.0
35.35,138.73,-0.000302,54.0
25.0,118.9,82.55,1.02
34.5,131.8,60.65,4.0
35.4,133.0,13.8,33.0
33.0,130.0,32.75,10.0
24.8,121.17,14.15,62.0
33.2,133.5,158.25,13.0
35.35,138.73,-0.000302,161.0
25.0,118.9,82.55,1.16
32.6,129.4,11.5,26.9
35.0,136.2,275.0,63.0
32.7,132.8,16.0,4.6
35.2,137.0,105.5,3.0
34.8,136.0,105.5,2.0
0.85,124.7,13.0,34.0
33.0,130.0,32.75,11.0
35.35,138.73,-0.000302,171.0
23.07,120.38,14.15,43.0
36.4,136.5,158.25,6.0
24.8,121.17,14.15,62.0
33.0,130.0,32.75,32.0
32.6,129.4,11.5,34.7
34.5,131.8,60.65,2.0
34.0,130.0,87.0,20.9
35.0,136.0,275.0,108.0
24.1,118.1,14.15,73.0
35.0,136.0,275.0,99.0
35.0,132.0,8.340000000000001e-05,36.0
32.7,132.8,16.0,5.3
35.35,138.73,-0.000302,66.0
34.0,130.0,1.305,25.0
23.58,119.5,12.8,72.0
32.6,129.4,11.5,30.4
25.48,122.1,3.95,38.5
35.0,136.0,275.0,21.0
35.5,136.0,105.5,46.0
25.0,120.0,3.95,32.9
36.0,136.0,14.15,26.0
32.6,129.4,11.5,56.6
15.13,120.35,-1.8e-05,47.0
34.8,136.0,105.5,3.0
35.4,133.0,13.8,17.0
34.8,136.0,105.5,2.0
31.0,130.0,12.8,41.0
23.58,119.5,12.8,74.0
25.48,122.1,1.3,38.9
24.83,121.33,14.15,28.0
34.5,131.8,60.65,46.0
24.83,121.33,14.15,74.0
35.35,138.73,-0.000302,70.0
33.5,130.5,105.5,77.0
34.5,131.8,60.65,48.0
35.35,138.73,-0.000302,168.0
15.0511,120.37200000000001,1.3,81.0
15.0833,120.03399999999999,1.3,64.0
15.15,120.367,1.3,106.0
15.15,120.367,1.3,81.0
15.1333,120.367,1.3,37.0
15.1333,120.367,1.3,14.0
15.1333,120.367,1.3,104.0
15.1681,120.322,1.3,46.0
15.1633,120.324,1.3,56.0
15.1633,120.324,1.3,53.0
15.0778,120.30799999999999,1.3,87.0
15.0778,120.30799999999999,1.3,45.0
15.0778,120.30799999999999,1.3,38.0
15.1328,120.48299999999999,1.3,32.0
15.0833,120.333,1.3,22.0
15.0833,120.333,1.3,12.0
15.1322,120.48299999999999,1.3,13.0
15.2667,120.367,1.3,11.0
15.2667,120.367,1.3,36.0
15.2667,120.367,1.3,18.0
15.2667,120.367,1.3,17.0
15.2667,120.367,1.3,42.0
15.2667,120.367,1.3,23.0
15.2667,120.367,1.3,18.0
15.2667,120.367,1.3,39.0
15.1833,120.5,1.3,17.0
15.1833,120.5,1.3,16.0
15.1833,120.5,1.3,19.0
15.1833,120.5,1.3,14.0
15.1833,120.5,1.3,14.0
15.1333,120.5,1.3,17.0
15.1833,120.493,1.3,10.0
15.2483,120.367,1.3,22.0
15.2483,120.367,1.3,34.0
15.2467,120.363,1.3,20.0
15.25,120.367,1.3,24.0
15.2617,120.16799999999999,1.3,18.0
15.0342,120.45100000000001,1.3,24.0
15.15,120.35,1.3,34.0
15.15,120.35,1.3,39.0
15.15,120.35,1.3,32.0
20.053,117.419,0.00081,41.0
20.053,117.419,0.0018100000000000002,36.0
20.053,117.419,0.00251,36.0
20.053,117.419,0.00389,35.0
20.053,117.419,0.0042899999999999995,30.0
20.053,117.419,0.00495,34.0
20.053,117.419,0.0053,34.0
20.053,117.419,0.0054600000000000004,32.0
20.053,117.419,0.008790000000000001,31.0
20.053,117.419,0.01255,31.0
20.053,117.419,0.012629999999999999,32.0
20.053,117.419,0.012709999999999999,32.0
20.053,117.419,0.01434,33.0
20.053,117.419,0.00098,36.0
20.053,117.419,0.00373,36.0
20.053,117.419,0.0045899999999999995,35.0
20.053,117.419,0.0061600000000000005,32.0
20.053,117.419,0.00896,35.0
20.053,117.419,0.01184,38.0
20.053,117.419,0.01215,34.0
20.053,117.419,0.0128,32.0
20.053,117.419,0.013609999999999999,28.0
20.053,117.419,0.01408,32.0
20.053,117.419,0.00029,35.0
20.053,117.419,0.0011099999999999999,36.0
20.053,117.419,0.00286,37.0
20.053,117.419,0.007090000000000001,31.0
20.053,117.419,0.00743,30.0
20.053,117.419,0.00933,33.0
20.053,117.419,0.00949,35.0
20.053,117.419,0.00968,34.0
20.053,117.419,0.010020000000000001,32.0
20.053,117.419,0.01089,34.0
20.053,117.419,0.01289,33.0
20.053,117.419,0.01305,33.0
20.053,117.419,0.01426,35.0
20.053,117.419,0.01439,32.0
20.053,117.419,0.00199,35.0
20.053,117.419,0.0026899999999999997,34.0
20.053,117.419,0.0032,32.0
20.053,117.419,0.00355,35.0
20.053,117.419,0.00448,33.0
20.053,117.419,0.00565,34.0
20.053,117.419,0.00773,31.0
20.053,117.419,0.0114,35.0
20.053,117.419,0.012,35.0
20.053,117.419,0.013130000000000001,35.0
20.053,117.419,0.01317,36.0
20.053,117.419,0.013369999999999998,32.0
20.053,117.419,0.013919999999999998,32.0
20.053,117.419,0.00216,37.0
20.053,117.419,0.00233,36.0
20.053,117.419,0.00336,34.0
20.053,117.419,0.00606,32.0
20.053,117.419,0.0069,35.0
20.053,117.419,0.007209999999999999,31.0
20.053,117.419,0.01037,35.0
20.053,117.419,0.01052,35.0
20.053,117.419,0.0116,39.0
20.053,117.419,0.01175,38.0
20.053,117.419,0.011909999999999999,36.0
20.053,117.419,0.01229,33.0
20.053,117.419,0.01329,33.0
20.053,117.419,0.01369,31.0
20.053,117.419,0.013859999999999999,29.0
20.053,117.419,0.00045,35.0
20.053,117.419,0.00062,35.0
20.053,117.419,0.00147,35.0
20.053,117.419,0.004070000000000001,32.0
20.053,117.419,0.00656,33.0
20.053,117.419,0.00827,35.0
20.053,117.419,0.00843,30.0
20.053,117.419,0.00915,35.0
20.053,117.419,0.0124,33.0
20.053,117.419,0.0012900000000000001,40.0
20.053,117.419,0.007559999999999999,34.0
20.053,117.419,0.00811,33.0
20.053,117.419,0.01105,35.0
20.053,117.419,0.01157,35.0
20.053,117.419,0.01209,32.0
20.053,117.419,0.01223,32.0
20.053,117.419,0.012490000000000001,34.0
20.053,117.419,0.01296,32.0
20.053,117.419,0.01345,32.0
20.053,117.419,0.01415,32.0
20.053,117.419,0.0048200000000000005,29.0
20.053,117.419,0.00512,33.0
20.053,117.419,0.00581,33.0
20.053,117.419,0.00633,33.0
20.053,117.419,0.006690000000000001,31.0
20.053,117.419,0.00799,33.0
20.053,117.419,0.0086,33.0
20.053,117.419,0.01018,31.0
20.053,117.419,0.01072,35.0
20.053,117.419,0.013519999999999999,30.0
20.053,117.419,0.01378,33.0
20.053,117.419,0.013980000000000001,35.0
33.8,134.2,158.25,11.0
15.5717,116.15799999999999,5.855,41.8
33.0,130.0,32.75,26.0
35.35,138.73,-0.000302,52.0
34.8,136.0,105.5,2.0
34.5,131.8,60.65,16.0
15.5717,116.15799999999999,5.855,38.5
35.0,132.0,8.04e-05,68.0
33.0,130.0,32.75,27.0
33.0,130.0,32.75,14.0
33.5,130.5,105.5,8.0
32.75,130.3,-1.6e-05,10.0
25.48,122.1,3.95,33.8
15.13,120.35,0.000558,10.18
24.83,121.33,14.15,62.0
35.5,136.8,173.55,49.0
34.8,136.0,105.5,2.0
0.85,124.7,13.0,21.0
35.38,138.7,0.0055,227.0
35.8,137.9,92.7,5.0
24.8,121.17,14.15,55.0
24.8,121.17,14.15,69.0
32.6,129.4,11.5,43.4
25.48,122.1,1.3,12.7
33.5,130.5,105.5,14.0
35.0,132.0,8.04e-05,36.0
32.75,130.3,-1.7e-05,11.0
35.35,138.73,-0.000302,196.0
35.4,133.0,13.8,22.0
26.22,125.0,14.15,67.0
34.5,131.8,60.65,59.0
32.2,130.3,158.25,34.0
32.6,129.4,11.5,21.6
24.8,121.17,14.15,48.0
31.0,130.0,12.8,30.0
32.6,129.4,11.5,47.8
34.8,136.0,105.5,2.0
25.03,121.67,12.8,36.0
34.5,131.8,60.65,0.4
25.03,121.67,12.8,28.0
33.0,130.0,32.75,31.0
35.2,137.0,105.5,10.0
25.48,122.1,1.3,36.7
15.13,120.35,-1.8e-05,96.0
15.5717,116.15799999999999,5.855,43.4
25.0,118.9,82.55,1.39
34.5,131.8,60.65,25.0
32.6,129.4,11.5,33.1
34.0,130.0,1.305,6.0
23.85,120.76700000000001,1.305,39.5
35.0,136.0,275.0,89.0
35.35,138.73,-0.000302,61.0
35.35,138.73,-0.000302,74.0
31.0,130.0,12.8,67.0
33.5,130.5,105.5,5.0
35.38,138.7,0.0555,134.0
33.0,130.0,32.75,29.0
24.83,121.33,14.15,87.0
34.0,130.0,1.305,26.0
32.6,129.4,11.5,15.0
32.6,129.4,11.5,39.7
23.07,120.38,14.15,54.0
32.2,130.3,158.25,50.4
32.6,129.4,11.5,31.5
33.5,130.5,105.5,36.0
33.0,130.0,32.75,34.0
35.35,138.73,-0.000302,164.0
32.6,129.4,11.5,50.0
33.5,130.5,105.5,2.0
24.83,121.33,14.15,51.0
34.8,136.0,105.5,2.0
34.5,131.8,60.65,1.0
35.35,138.73,-0.000302,175.0
35.35,138.73,-0.000302,69.0
32.6,129.4,11.5,45.1
32.6,129.4,11.5,38.7
32.6,129.4,11.5,33.0
32.6,129.4,11.5,22.7
32.6,129.4,11.5,29.0
32.6,129.4,11.5,47.2
35.5,136.5,1.305,16.0
23.85,120.76700000000001,1.305,62.0
35.2,134.6,1.305,4.5
31.0,130.0,12.8,50.0
35.38,138.7,0.0055,185.0
32.6,129.4,11.5,24.0
25.0,120.0,1.305,33.1
34.5,131.8,60.65,8.0
15.13,120.35,-1.8e-05,31.0
35.4,137.2,105.5,1.0
24.83,121.33,14.15,44.0
25.48,122.1,3.95,49.8
31.0,130.0,12.8,31.0
32.6,129.4,11.5,27.2
35.0,136.0,275.0,53.0
24.82,121.1,14.15,59.0
35.2,134.6,1.305,12.1
35.4,133.0,13.8,18.0
34.8,136.0,105.5,23.0
33.5,134.0,158.25,71.0
32.6,129.4,11.5,37.8
32.6,129.4,11.5,66.7
15.13,120.35,0.0035329999999999997,32.0
15.1667,120.323,-1.8e-05,84.0
25.93,123.68,32.75,77.3
32.2,130.3,158.25,34.0
34.5,131.8,60.65,37.0
24.83,121.33,14.15,41.0
24.8,121.17,11.0,78.0
34.5,131.8,60.65,3.0
25.48,122.1,3.95,32.9
25.93,123.68,3.95,72.8
25.03,121.67,12.8,57.0
25.0,124.0,0.0049,37.0
34.7,135.6,275.0,22.0
35.0,136.0,275.0,100.0
33.0,130.0,32.75,31.0
35.0,136.0,275.0,44.0
32.8,131.5,158.25,32.7
33.5,134.0,158.25,12.0
35.0,132.0,8.04e-05,49.0
32.75,130.3,-1.8e-05,10.0
35.0,132.0,8.04e-05,104.0
23.58,119.5,12.8,69.0
35.35,138.73,-0.000302,179.0
35.5,136.8,173.55,48.0
22.97,121.3,12.8,33.0
35.361,138.72799999999998,1.305,88.0
24.83,121.33,14.15,35.0
25.15,121.5,3.95,91.6
35.0,136.0,275.0,84.0
23.85,120.76700000000001,1.305,55.0
32.6,129.4,11.5,16.1
33.8,134.2,158.25,34.0
22.97,121.3,12.8,22.0
35.5,136.5,1.305,23.0
35.5,136.8,275.0,70.0
35.4,137.2,105.5,2.0
26.3,126.7,3.95,105.0
35.4,133.0,13.8,12.0
35.35,138.73,-0.000302,57.0
33.5,130.5,105.5,16.0
15.1111,120.30799999999999,-1.8e-05,38.0
15.168,120.322,-1.8e-05,74.0
33.5,130.5,105.5,13.0
34.0,130.0,87.0,4.1
32.6,129.4,11.5,39.1
35.5,136.8,173.55,13.0
35.5,136.8,275.0,106.0
23.58,119.5,12.8,71.0
33.0,130.0,32.75,14.0
32.6,129.4,11.5,18.6
35.8,136.0,158.25,4.0
15.13,120.35,0.000558,104.0
24.1,118.1,14.15,72.0
15.13,120.35,0.000558,72.8
34.8,136.0,105.5,2.0
33.5,130.5,105.5,6.0
34.5,131.8,60.65,39.0
24.73,121.25,14.15,57.0
31.0,130.0,12.8,60.0
35.35,138.73,-0.000302,81.0
35.0,132.0,8.340000000000001e-05,23.0
25.0,120.0,32.75,48.8
22.97,121.3,12.8,14.0
35.2,134.6,1.305,12.4
15.168,120.322,-1.8e-05,81.0
32.75,130.3,-1.4999999999999999e-05,12.0
33.5,130.5,105.5,15.0
35.4,133.0,13.8,20.0
34.5,131.8,60.65,3.0
35.4,133.0,13.8,27.0
23.85,120.76700000000001,1.305,56.0
35.35,138.73,-0.000302,174.0
31.4,130.5,271.0,25.0
25.48,122.1,1.3,18.3
25.15,121.5,3.95,102.9
34.5,131.8,60.65,3.0
35.2,134.6,1.305,6.1
34.0,130.0,1.305,26.0
34.38,134.12,82.9,6.0
35.38,138.7,0.0055,172.0
35.4,133.0,13.8,26.0
35.2,134.6,1.305,55.0
33.0,130.0,32.75,33.0
25.03,121.67,12.8,25.0
24.8,121.17,11.0,37.0
25.08,121.57,21.5,43.0
35.0,132.0,8.340000000000001e-05,1.0
0.85,124.7,13.0,24.0
22.97,121.3,12.8,34.0
23.58,119.5,12.8,65.0
25.0,120.0,3.95,30.6
35.8,137.9,99.0,152.0
26.3,126.7,3.95,64.0
25.5,122.0,32.75,36.4
33.5,130.5,105.5,8.0
35.38,138.7,0.0555,95.0
34.8,136.0,105.5,3.0
15.13,120.35,-1.8e-05,118.0
35.4,137.2,105.5,1.0
33.5,134.0,158.25,32.0
35.361,138.72799999999998,1.305,30.0
32.6,129.4,11.5,103.0
35.38,138.7,0.0555,60.0
35.5,136.5,1.305,8.0
35.8,137.9,71.1,2.0
33.5,130.5,105.5,14.0
35.8,136.0,778.0,10.0
35.0,136.0,275.0,96.0
32.6,129.4,11.5,19.8
15.168,120.322,-1.8e-05,46.0
24.83,121.33,14.15,29.0
35.35,138.73,-0.000302,94.0
24.83,121.33,14.15,44.0
33.5,130.5,105.5,4.0
15.5717,116.15799999999999,5.855,42.4
34.0,130.0,87.0,5.9
32.75,130.3,-1.8e-05,9.0
24.8,121.17,14.15,54.0
25.0,124.0,0.0049,6.0
32.2,130.3,158.25,25.0
34.5,131.8,60.65,3.0
34.7,135.6,275.0,51.0
35.2,134.6,1.305,86.3
35.5,136.8,275.0,81.0
25.0,118.9,82.55,1.25
32.6,129.4,11.5,43.8
24.8,121.17,11.0,40.0
32.6,129.4,11.5,29.9
34.0,130.0,87.0,2.3
22.97,121.3,12.8,37.0
33.0,130.0,32.75,29.0
32.6,129.4,11.5,82.1
35.2,137.0,105.5,2.0
36.0,136.0,14.15,27.0
1.3167,124.9,3.0,73.0
24.82,121.1,14.15,36.0
25.0,120.0,3.95,38.9
33.0,130.0,32.75,1.0
35.35,138.73,-0.000302,74.0
31.0,130.0,12.8,31.0
35.8,137.9,85.2,5.0
33.5,130.5,105.5,3.0
34.5,131.8,60.65,44.0
32.6,129.4,11.5,23.8
32.6,129.4,11.5,27.5
33.5,134.0,158.25,55.0
32.6,129.4,11.5,32.2
15.13,120.35,-1.8e-05,110.0
32.8,131.5,158.25,94.5
33.8,134.2,158.25,54.0
32.6,129.4,11.5,31.5
32.75,130.3,-1.4999999999999999e-05,14.0
32.7,132.8,16.0,1.1
24.83,121.33,14.15,55.0
33.0,130.0,32.75,20.0
23.07,120.38,14.15,47.0
26.7,121.7,60.65,31.0
35.4,133.0,13.8,32.0
35.0,136.0,275.0,87.0
35.5,136.0,105.5,2.0
35.8,136.0,158.25,12.0
24.8,121.17,14.15,64.0
33.5,130.5,105.5,4.0
34.0,130.0,1.305,19.0
33.5,130.5,105.5,6.0
33.0,130.0,32.75,20.0
24.8,121.17,11.0,55.0
35.65,137.833,1.305,25.4
34.0,130.0,1.305,32.0
35.38,138.7,0.0555,175.0
35.0,136.0,275.0,94.0
34.0,130.0,87.0,1.8
35.2,137.0,105.5,4.0
23.85,120.76700000000001,1.305,55.0
26.7,121.7,60.65,78.0
32.6,129.4,11.5,18.1
35.38,138.7,0.0055,205.0
34.5,131.8,60.65,6.0
34.8,136.0,105.5,3.0
24.8,121.17,14.15,52.0
35.35,138.73,-0.000302,74.0
35.4,133.0,13.8,8.0
25.0,120.0,1.305,27.6
33.0,130.0,32.75,32.0
34.38,134.12,82.9,5.0
25.15,121.5,3.95,134.0
35.38,138.7,0.0555,115.0
34.5,131.8,60.65,53.0
34.0,130.0,1.305,12.0
32.6,129.4,11.5,33.6
15.25,120.28399999999999,-1.8e-05,64.0
25.48,122.1,3.95,38.0
35.5,136.8,173.55,56.0
34.8,136.0,105.5,1.0
35.38,138.7,0.0555,166.0
32.2,130.3,158.25,15.0
34.5,131.8,60.65,1.0
31.0,130.0,12.8,85.0
24.83,121.33,14.15,47.0
34.0,130.0,87.0,1.8
33.0,130.0,32.75,17.0
35.0,136.5,1.305,6.0
35.8,136.0,158.25,10.0
25.0,118.9,82.55,1.78
35.2,134.6,1.305,26.8
34.5,131.8,60.65,1.0
35.5,136.0,105.5,4.0
35.35,138.73,-0.000302,71.0
35.2,137.0,105.5,2.0
35.5,136.8,173.55,94.0
33.0,130.0,32.75,17.0
35.2,134.6,1.305,58.1
23.85,120.76700000000001,1.305,28.5
35.5,136.0,105.5,3.0
23.58,119.5,12.8,73.0
35.35,138.73,-0.000302,84.0
23.07,120.38,14.15,43.0
31.0,130.0,12.8,38.0
35.0,132.0,8.04e-05,38.0
33.0,130.0,32.75,32.0
35.0,136.2,275.0,171.0
24.83,121.33,14.15,65.0
34.8,136.0,105.5,1.0
34.0,130.0,87.0,4.5
25.03,121.67,12.8,17.5
22.97,121.3,12.8,23.0
25.5,122.0,3.95,32.8
32.8,131.5,158.25,35.0
24.93,121.37,14.15,57.0
25.0,120.0,3.95,39.1
34.5,131.8,60.65,1.0
23.85,120.76700000000001,1.305,51.0
32.8,131.5,158.25,67.2
34.7,135.6,275.0,28.0
32.6,129.4,11.5,15.1
35.0,132.0,8.340000000000001e-05,74.0
35.35,138.73,-0.000302,169.0
23.85,120.76700000000001,1.305,45.0
25.0,118.9,82.55,7.96
15.5717,116.15799999999999,5.855,39.8
31.4,130.5,271.0,30.0
24.8,121.17,14.15,64.0
32.72,132.53,16.0,5.2
23.85,120.76700000000001,1.305,52.0
25.0,120.0,32.75,91.7
33.5,130.5,105.5,4.0
31.4,130.5,271.0,40.0
35.0,132.0,8.340000000000001e-05,32.0
25.08,121.57,21.5,41.0
34.8,136.0,105.5,6.0
31.0,130.0,12.8,38.0
15.5717,116.15799999999999,5.855,43.3
24.82,121.1,14.15,38.0
36.0,136.0,14.15,19.0
34.0,130.0,87.0,4.0
35.35,138.73,-0.000302,15.0
15.1111,120.30799999999999,-1.8e-05,45.0
