LATITUDE,LONGITUDE,AGE,CU
34.08,139.52,-0.000135,109.0
34.08,139.52,-0.000366,147.0
34.15,139.55,-4.7e-05,142.0
34.15,139.55,-4.7e-05,142.0
34.15,139.55,-4.7e-05,142.0
34.08,139.53,-6.9e-05,117.0
33.13,139.77,1.305,169.0
34.08,139.52,-0.000246,134.0
31.8742,141.227,12.8,56.0
13.09,146.08,50.0,10.0
14.0703,145.112,28.45,78.2
14.0703,145.112,28.45,83.6
34.08,139.52,-0.00047400000000000003,96.0
34.75,139.42,1.305,307.0
30.861,141.314,12.312000000000001,6.663239999999999
30.861,141.314,12.312000000000001,16.1125
34.08,139.52,-0.000135,119.0
34.08,139.52,-0.000246,122.0
34.08,139.52,-2.6000000000000002e-05,139.0
31.47,140.03,1.305,203.2
34.75,139.42,1.305,410.0
33.13,139.77,1.305,186.0
31.5,140.0,1.305,117.6
34.08,139.52,-0.000246,141.0
34.08,139.52,-0.000366,145.0
34.75,139.42,1.305,246.0
34.08,139.52,-4.7e-05,142.1
34.9844,139.13299999999998,-2e-05,10.0
34.75,139.42,1.305,286.0
34.08,139.52,-0.000246,134.0
34.08,139.53,-6.9e-05,38.0
12.73,145.48,50.0,5.0
31.5,140.0,1.305,136.9
13.09,146.08,50.0,3.0
34.15,139.55,-4.7e-05,138.0
34.08,139.52,-0.000297,49.0
17.9022,144.734,1.305,70.0
31.47,140.03,1.305,158.3
34.75,139.42,1.305,157.0
34.08,139.53,-6.9e-05,118.0
34.08,139.53,-6.9e-05,98.0
34.08,139.52,-0.000366,153.0
34.75,139.42,1.305,279.0
34.15,139.55,-4.7e-05,143.0
34.08,139.52,-9e-06,142.0
14.0852,145.111,28.45,56.9
14.0852,145.111,28.45,65.8
34.08,139.53,-6.9e-05,144.0
34.08,139.52,-0.000366,156.0
34.08,139.52,-0.000135,125.2
33.13,139.77,1.305,113.0
34.08,139.52,-0.000135,130.0
34.15,139.55,-4.7e-05,140.0
34.08,139.52,-0.00054,121.0
27.5,140.5,-3.6e-05,147.0
13.09,146.08,50.0,5.0
34.15,139.55,-4.7e-05,137.0
34.08,139.52,-0.00047400000000000003,118.0
31.5,140.0,1.305,152.0
34.15,139.55,-6.9e-05,139.0
34.15,139.55,-6.9e-05,139.0
34.15,139.55,-6.9e-05,139.0
34.08,139.52,-0.000414,122.0
34.15,139.55,-4.7e-05,136.0
33.13,139.77,1.305,187.0
34.08,139.52,-0.000366,159.0
34.08,139.52,-0.00054,123.0
33.13,139.77,1.305,136.0
34.08,139.52,-0.000135,36.0
34.08,139.52,-0.000297,163.0
34.15,139.55,-4.7e-05,139.0
29.793000000000003,140.342,0.0049,541.73
34.08,139.53,-6.9e-05,114.0
34.08,139.53,-6.9e-05,111.0
34.08,139.52,-0.000135,133.0
34.08,139.52,-9e-06,90.0
34.15,139.55,-4.7e-05,146.0
31.5,140.0,1.305,168.1
34.75,139.42,1.305,250.0
33.13,139.77,1.305,220.0
34.75,139.42,1.305,113.0
13.09,146.08,50.0,9.0
31.5,140.0,1.305,114.1
34.15,139.55,-4.7e-05,138.0
34.08,139.52,-0.000135,118.0
33.13,139.77,1.305,179.0
34.08,139.52,-0.000135,138.0
34.08,139.52,-0.000366,125.0
34.08,139.52,-0.000366,162.0
34.08,139.52,-0.000366,120.0
34.08,139.52,-0.000246,141.0
34.08,139.52,-2.6000000000000002e-05,150.0
34.08,139.52,-0.000246,137.0
33.13,139.77,1.305,173.0
29.1779,140.71,28.45,45.4
34.08,139.52,-0.00047400000000000003,11.0
34.08,139.53,-6.9e-05,115.0
34.08,139.53,-6.9e-05,115.0
34.08,139.52,-0.000174,114.0
12.73,145.48,50.0,2.0
34.08,139.52,-0.000135,135.0
34.08,139.52,-0.000297,150.0
34.08,139.53,-6.9e-05,122.0
34.08,139.52,-0.00054,117.0
34.08,139.52,-0.000246,144.0
30.861,141.314,12.280999999999999,13.633
30.861,141.314,12.280999999999999,19.651
34.08,139.52,-0.00047400000000000003,136.0
33.13,139.77,1.305,178.0
31.8742,141.227,12.8,27.0
17.4705,144.80700000000002,1.305,52.0
34.08,139.52,-0.000297,157.0
34.75,139.42,1.305,202.0
12.73,145.48,50.0,5.0
31.5,140.0,1.305,101.2
34.15,139.55,-4.7e-05,140.0
31.5,140.0,1.305,109.0
31.5,140.0,1.305,109.0
33.13,139.77,1.305,154.0
34.08,139.53,-6.9e-05,119.0
34.08,139.52,-0.000135,132.0
34.15,139.55,-4.7e-05,136.0
19.632,146.542,1.305,197.0
34.15,139.55,-0.000198,140.0
34.15,139.55,-4.7e-05,148.0
34.08,139.52,-0.000135,131.0
34.08,139.52,-0.000414,130.0
34.08,139.52,-0.000366,140.0
34.08,139.52,-0.000174,97.0
34.08,139.52,-0.00047400000000000003,117.0
34.08,139.53,-6.9e-05,137.0
13.09,146.08,50.0,6.0
31.5,140.0,1.305,93.0
34.75,139.42,1.305,312.0
31.875,141.227,46.0,70.0
31.875,141.227,46.0,70.0
31.875,141.227,46.0,70.0
34.08,139.52,-2.6000000000000002e-05,151.0
31.5,140.0,1.305,226.3
34.08,139.53,-6.9e-05,109.0
31.47,140.03,1.305,210.6
27.5,140.5,-3.6e-05,165.0
34.08,139.52,-2.6000000000000002e-05,147.0
34.15,139.55,-4.7e-05,143.0
34.08,139.52,-2.6000000000000002e-05,156.0
12.73,145.48,50.0,45.0
12.73,145.48,50.0,9.0
30.861,141.314,26.639,61.1668
34.15,139.55,-4.7e-05,142.0
34.08,139.52,-0.000246,124.0
34.08,139.52,-0.000366,124.0
34.08,139.53,-4.7e-05,142.0
34.08,139.53,-4.7e-05,142.0
34.08,139.52,-0.000366,145.0
19.632,146.542,1.305,175.0
12.73,145.48,50.0,3.0
19.632,146.542,1.305,72.0
34.75,139.42,1.305,156.0
34.08,139.52,-0.000135,130.0
33.13,139.77,1.305,190.0
34.15,139.55,-4.7e-05,146.0
34.08,139.52,-2.6000000000000002e-05,160.0
34.08,139.52,-0.000135,81.0
34.08,139.53,-6.9e-05,115.0
34.08,139.52,-0.00054,103.0
31.5,140.0,1.305,173.1
34.08,139.52,-0.000135,146.0
34.75,139.42,1.305,152.0
34.15,139.55,-4.7e-05,141.0
34.75,139.42,1.305,119.0
30.861,141.314,26.639,4.69384
30.861,141.314,26.639,8.27507
30.861,141.314,26.639,6.35301
31.875,141.227,46.0,47.0
31.875,141.227,46.0,63.0
34.08,139.52,-0.000246,133.0
33.13,139.77,1.305,180.0
34.08,139.52,-0.000366,182.0
30.861,141.314,46.0,11.0
34.1,139.5,-9e-06,140.0
34.15,139.55,-4.7e-05,134.0
20.53,145.6,-5.6999999999999996e-05,108.0
34.08,139.52,-4.7e-05,140.6
34.08,139.53,-6.9e-05,132.0
34.08,139.53,-6.9e-05,132.0
34.08,139.53,-6.9e-05,132.0
14.0725,145.105,28.45,26.0
14.0725,145.105,28.45,28.2
34.08,139.52,-2.6000000000000002e-05,144.0
34.08,139.52,-0.000135,119.3
34.75,139.42,1.305,285.0
34.08,139.52,-0.000135,132.0
34.08,139.52,-2.6000000000000002e-05,159.0
34.08,139.52,-0.000297,154.0
29.1531,140.71,28.45,19.3
34.15,139.55,-4.7e-05,140.0
29.178,140.71,28.45,34.2
34.08,139.53,-6.9e-05,97.0
14.0727,145.106,28.45,97.9
14.0727,145.106,28.45,108.0
29.1529,140.708,28.45,13.8
34.08,139.52,-9e-06,116.0
34.08,139.52,-0.000174,124.0
34.15,139.55,-0.000198,140.0
34.08,139.52,-0.000246,146.0
34.08,139.52,-2.6000000000000002e-05,137.0
34.75,139.42,1.305,318.0
31.8742,141.227,12.8,83.0
34.08,139.52,-0.00047400000000000003,114.0
34.15,139.55,-4.7e-05,135.0
34.75,139.42,1.305,306.0
34.75,139.42,1.305,123.0
31.47,140.03,1.305,59.9
34.08,139.52,-0.00047400000000000003,129.0
30.861,141.314,12.31,8.0
31.47,140.03,1.305,173.6
34.75,139.42,1.305,162.0
34.15,139.55,-4.7e-05,138.0
34.15,139.55,-4.7e-05,133.0
34.08,139.53,-6.9e-05,27.0
34.08,139.53,-6.9e-05,82.0
34.08,139.52,-0.000135,128.0
33.13,139.77,1.305,178.0
34.08,139.52,-9e-06,96.0
33.13,139.77,1.305,168.0
30.861,141.314,3.78,299.514
13.09,146.08,50.0,7.0
34.08,139.53,-6.9e-05,118.0
34.75,139.42,1.305,286.0
34.08,139.52,-9e-06,96.0
14.0703,145.112,28.45,71.7
14.0703,145.112,28.45,74.7
34.08,139.53,-6.9e-05,109.0
34.75,139.42,1.305,170.0
31.47,140.03,1.305,205.7
34.08,139.52,-0.000297,125.0
34.08,139.52,-2.6000000000000002e-05,126.0
13.09,146.08,50.0,26.0
34.08,139.52,-9e-06,132.0
34.08,139.52,-0.000135,133.0
34.75,139.42,1.305,88.0
31.47,140.03,1.305,65.1
19.632,146.542,1.305,133.0
34.08,139.52,-0.000174,95.0
34.08,139.52,-0.000414,119.0
34.15,139.55,-4.7e-05,147.0
34.75,139.42,1.305,228.0
31.8742,141.227,12.8,34.0
31.5,140.0,1.305,160.1
34.08,139.52,-0.000297,144.0
34.049,139.526,32.751,165.4
33.13,139.77,1.305,186.0
34.08,139.52,-2.6000000000000002e-05,147.0
34.08,139.52,-0.000174,108.0
34.08,139.52,-0.000366,161.0
12.73,145.48,50.0,11.0
34.08,139.52,-0.000297,161.0
34.08,139.52,-0.00047400000000000003,132.0
17.33,145.85,-0.000126,128.0
13.09,146.08,50.0,8.0
18.2203,144.681,1.305,89.0
34.75,139.42,1.305,75.0
34.08,139.52,-2.6000000000000002e-05,137.3
34.15,139.55,-4.7e-05,137.0
30.861,141.314,0.634,27.7445
14.0703,145.112,28.45,84.3
14.0703,145.112,28.45,87.1
34.08,139.52,-0.000366,160.0
34.08,139.52,-0.000297,144.0
30.861,141.314,0.685,103.51299999999999
30.861,141.314,29.61,102.0
31.5,140.0,1.305,133.8
34.08,139.52,-2.6000000000000002e-05,153.0
34.08,139.53,-6.9e-05,98.0
34.08,139.53,-6.9e-05,98.0
34.08,139.52,-0.00047400000000000003,136.0
34.08,139.52,-0.000297,126.0
33.13,139.77,1.305,227.0
34.08,139.52,-2.6000000000000002e-05,129.0
34.08,139.52,-0.000246,139.0
34.08,139.52,-9e-06,136.0
19.632,146.542,1.305,141.0
34.75,139.42,1.305,128.0
34.08,139.53,-6.9e-05,115.0
31.875,141.227,46.0,39.0
34.08,139.52,-2.6000000000000002e-05,148.0
33.13,139.77,1.305,186.0
34.08,139.52,-0.000366,139.0
12.73,145.48,50.0,1.0
34.08,139.52,-0.000366,141.0
34.08,139.52,-0.000366,118.0
34.08,139.52,-0.000366,160.0
34.08,139.53,-6.9e-05,122.0
34.08,139.52,-0.000246,136.0
34.08,139.52,-0.000135,102.0
34.08,139.52,-9e-06,128.0
34.08,139.52,-0.000135,134.0
31.5,140.0,1.305,158.7
31.47,140.03,1.305,252.1
31.5,140.0,1.305,88.3
34.08,139.52,-2.6000000000000002e-05,158.0
31.875,141.227,46.0,60.0
31.875,141.227,46.0,21.0
31.875,141.227,46.0,67.0
31.875,141.227,46.0,60.0
31.3132,143.4,158.25,59.16
34.08,139.53,-6.9e-05,119.0
13.09,146.08,50.0,2.0
34.08,139.53,-6.9e-05,121.0
34.08,139.52,-0.000135,119.0
31.47,140.03,1.305,178.5
12.73,145.48,50.0,28.0
34.08,139.52,-0.000366,148.0
34.75,139.42,1.305,342.0
34.75,139.42,1.305,90.0
31.8742,141.227,12.8,50.0
34.15,139.55,-4.7e-05,139.0
34.75,139.42,1.305,322.0
30.9082,141.738,2.8,13.0568
30.9082,141.738,2.8,18.0
34.08,139.52,-6.9e-05,179.0
14.0839,145.112,28.45,77.4
14.0839,145.112,28.45,87.8
31.8742,141.227,12.8,60.0
34.15,139.55,-4.7e-05,137.0
30.861,141.314,12.8,60.0
34.08,139.52,-0.000246,140.0
34.08,139.53,-6.9e-05,116.0
34.08,139.53,-6.9e-05,116.0
34.08,139.53,-6.9e-05,116.0
31.47,140.03,1.305,166.1
30.861,141.314,45.12,39.0
34.75,139.42,1.305,186.0
34.15,139.55,-0.000198,117.0
19.632,146.542,1.305,184.0
34.08,139.52,-0.000246,156.0
34.75,139.42,1.305,181.0
34.9844,139.13299999999998,-2e-05,11.0
29.1366,140.708,28.45,28.0
34.08,139.52,-0.000135,124.0
33.13,139.77,1.305,214.0
34.15,139.55,-4.7e-05,141.0
33.13,139.77,1.305,175.0
34.75,139.42,1.305,149.0
34.15,139.55,-4.7e-05,98.0
34.15,139.55,-4.7e-05,98.0
34.15,139.55,-4.7e-05,98.0
34.08,139.53,-6.9e-05,118.0
30.861,141.314,12.8,11.0
34.08,139.53,-6.9e-05,109.0
34.08,139.53,-6.9e-05,109.0
18.16,145.79,-2.8000000000000003e-05,198.0
33.13,139.77,1.305,46.0
34.08,139.52,-0.00047400000000000003,91.0
34.15,139.55,-4.7e-05,137.0
34.08,139.52,-0.00047400000000000003,128.0
29.1521,140.70600000000002,28.45,10.3
34.9844,139.13299999999998,-2e-05,15.0
34.08,139.52,-0.000414,126.0
34.08,139.52,-0.000246,147.0
30.861,141.314,46.0,115.0
34.08,139.52,-0.00047400000000000003,134.0
27.5,140.5,-3.6e-05,180.0
34.1,139.5,-9e-06,165.0
33.13,139.77,1.305,184.0
13.09,146.08,50.0,10.0
34.08,139.53,-6.9e-05,94.0
34.75,139.42,1.305,303.0
34.08,139.52,-0.00054,121.0
13.09,146.08,50.0,5.0
13.09,146.08,50.0,38.0
30.861,141.314,10.302,10.845999999999998
34.08,139.52,-0.000366,144.0
34.75,139.42,1.305,232.0
34.08,139.52,-0.000135,129.0
29.136999999999997,140.70600000000002,28.45,44.2
30.861,141.314,26.64,7.0
34.1,139.5,-9e-06,163.0
34.15,139.55,-4.7e-05,135.0
34.4,139.29,1.305,72.3
34.08,139.52,-0.000246,144.0
34.1,139.5,-9e-06,161.0
31.8742,141.227,12.8,66.0
34.08,139.52,-0.000135,135.0
34.08,139.52,-0.000414,140.0
17.9357,144.839,1.305,234.0
17.9357,144.839,1.305,234.0
34.08,139.52,-0.000297,149.0
34.08,139.52,-2.6000000000000002e-05,144.0
34.08,139.52,-2.6000000000000002e-05,155.0
34.75,139.42,1.305,70.0
34.75,139.42,1.305,253.0
34.08,139.53,-4.7e-05,138.0
34.08,139.53,-4.7e-05,138.0
34.08,139.53,-6.9e-05,117.0
34.75,139.42,1.305,307.0
33.13,139.77,1.305,120.0
31.5,140.0,1.305,169.0
31.47,140.03,1.305,202.1
19.632,146.542,1.305,181.0
34.15,139.55,-4.7e-05,151.0
34.08,139.52,-0.00047400000000000003,132.0
34.08,139.52,-0.000135,133.0
34.08,139.52,-0.00047400000000000003,122.0
31.875,141.227,46.0,89.0
31.875,141.227,46.0,87.0
31.875,141.227,46.0,89.0
34.9844,139.13299999999998,-2e-05,77.0
12.73,145.48,50.0,4.0
12.73,145.48,50.0,2.0
31.5,140.0,1.305,197.9
13.09,146.08,50.0,19.0
31.5,140.0,1.305,111.3
34.08,139.53,-6.9e-05,117.0
34.08,139.52,-0.000135,131.0
34.08,139.53,-6.9e-05,142.0
14.0703,145.112,28.45,37.1
14.0703,145.112,28.45,39.8
33.13,139.77,1.305,193.0
34.08,139.52,-2.6000000000000002e-05,118.3
34.08,139.52,-2.6000000000000002e-05,150.0
34.08,139.52,-2.6000000000000002e-05,159.0
34.75,139.42,1.305,157.0
12.73,145.48,50.0,41.0
31.47,140.03,1.305,152.3
34.08,139.52,-9e-06,63.0
33.13,139.77,1.305,43.0
31.8742,141.227,12.8,70.0
34.08,139.52,-0.00047400000000000003,128.0
34.08,139.52,-0.000246,129.0
34.08,139.52,-0.000135,133.0
34.08,139.52,-2.6000000000000002e-05,119.0
34.08,139.52,-6.9e-05,116.0
34.08,139.52,-0.000246,136.0
34.15,139.55,-4.7e-05,142.0
14.0703,145.112,28.45,87.9
14.0703,145.112,28.45,94.3
34.08,139.52,-0.000366,119.0
34.08,139.52,-2.6000000000000002e-05,152.8
13.09,146.08,50.0,4.0
34.08,139.52,-0.000246,127.0
34.75,139.42,1.305,107.0
34.08,139.53,-4.7e-05,134.0
34.08,139.53,-4.7e-05,134.0
34.08,139.53,-4.7e-05,134.0
34.08,139.52,-4.7e-05,136.4
13.09,146.08,50.0,12.0
34.75,139.42,1.305,141.0
34.08,139.53,-6.9e-05,39.0
34.08,139.53,-6.9e-05,107.0
34.75,139.42,1.305,124.0
34.08,139.53,-6.9e-05,126.0
31.47,140.03,1.305,140.2
34.15,139.55,-0.000198,138.0
34.08,139.52,-2.6000000000000002e-05,154.0
34.08,139.52,-9e-06,90.0
33.13,139.77,1.305,172.0
34.08,139.53,-6.9e-05,132.0
34.15,139.55,-4.7e-05,139.0
34.08,139.52,-0.00047400000000000003,127.0
31.47,140.03,1.305,200.5
34.75,139.42,1.305,190.0
30.861,141.314,39.981,157.114
30.861,141.314,39.981,155.847
34.75,139.42,1.305,176.0
18.12,145.76,0.0049,175.0
13.09,146.08,50.0,12.0
30.861,141.314,29.608,154.68200000000002
30.861,141.314,29.608,153.866
34.08,139.52,-0.000366,147.0
34.08,139.53,-6.9e-05,82.0
34.08,139.53,-6.9e-05,82.0
33.13,139.77,1.305,136.0
34.08,139.52,-0.000414,125.0
33.13,139.77,1.305,164.0
34.15,139.55,-4.7e-05,142.0
34.08,139.53,-4.7e-05,142.0
34.08,139.53,-4.7e-05,142.0
34.08,139.53,-4.7e-05,142.0
34.08,139.53,-6.9e-05,120.0
34.75,139.42,1.305,156.0
34.08,139.52,-2.6000000000000002e-05,144.0
13.09,146.08,50.0,6.0
34.75,139.42,1.305,222.0
34.08,139.52,-0.00047400000000000003,133.0
34.75,139.42,1.305,313.0
34.08,139.52,-0.000135,137.0
19.632,146.542,1.305,196.0
31.3132,143.4,158.25,43.9
34.08,139.52,-0.000174,107.0
30.861,141.314,6.148,118.926
27.5,140.5,-3.6e-05,168.0
29.1521,140.70600000000002,28.45,15.7
31.47,140.03,1.305,117.5
31.875,141.227,46.0,68.0
31.875,141.227,46.0,52.0
34.08,139.52,-0.000246,137.0
31.3132,143.4,158.25,62.21
34.75,139.42,1.305,253.0
31.8742,141.227,12.8,40.0
34.75,139.42,1.305,104.0
34.15,139.55,-0.000198,130.0
34.75,139.42,1.305,307.0
34.75,139.42,1.305,132.0
16.35,145.67,0.005,62.0
16.35,145.67,0.005,55.0
16.35,145.67,0.005,57.0
16.35,145.67,0.005,61.0
16.35,145.67,0.005,86.0
16.35,145.67,0.005,59.0
16.35,145.67,0.005,74.0
31.1059,140.888,29.22,71.0
32.3994,140.418,28.92,99.0
32.3994,140.418,28.95,85.0
32.3994,140.418,29.0,67.0
32.3994,140.418,29.1,62.0
32.3994,140.418,30.3,129.0
31.1059,140.888,29.47,118.0
31.1059,140.888,29.6,115.0
32.3994,140.418,10.5,107.0
32.3994,140.418,28.0,161.0
31.1059,140.888,29.77,117.0
31.1059,140.888,29.88,93.0
31.1059,140.888,30.1,117.0
31.1059,140.888,30.27,87.0
32.3994,140.418,28.22,169.0
32.3994,140.418,28.35,102.0
31.1059,140.888,23.5,86.0
30.921999999999997,140.004,2.35,7.0
30.921999999999997,140.004,3.1,8.0
30.921999999999997,140.004,3.44,55.0
30.921999999999997,140.004,4.2,98.0
30.9109,139.83700000000002,0.15,6.0
30.9109,139.83700000000002,0.26,26.0
30.9165,139.87,0.04,11.0
30.9165,139.87,0.06,24.0
30.9165,139.87,0.29,14.0
30.9165,139.87,0.92,59.0
32.3757,140.749,24.2,100.0
32.3757,140.749,27.25,160.0
32.3998,140.381,0.65,125.0
32.3994,140.418,2.7,64.0
32.3994,140.418,7.7,78.0
32.3757,140.749,27.4,152.0
32.3757,140.749,27.8,101.0
32.3757,140.749,28.08,65.0
31.1059,140.888,28.64,90.0
31.1059,140.888,29.17,83.0
31.1059,140.888,30.9,56.0
32.3994,140.418,29.5,53.0
32.3994,140.418,30.9,247.0
31.1057,140.888,0.55,172.0
32.3994,140.418,11.4,106.0
32.3994,140.418,12.7,125.0
32.3994,140.418,25.5,107.0
31.1059,140.888,29.93,27.0
31.1059,140.888,29.98,140.0
31.1059,140.888,30.0,89.0
31.1059,140.888,30.03,96.0
31.1059,140.888,30.06,122.0
31.1059,140.888,30.47,34.0
32.3994,140.418,28.52,113.0
32.3994,140.418,28.72,78.0
31.1059,140.888,27.15,151.0
31.1059,140.888,28.2,143.0
30.921999999999997,140.004,0.15,8.0
30.921999999999997,140.004,2.71,19.0
30.921999999999997,140.004,2.89,11.0
30.921999999999997,140.004,2.98,10.0
30.921999999999997,140.004,3.19,32.0
30.921999999999997,140.004,3.63,24.0
30.9154,139.844,0.01,13.0
30.9161,139.844,0.1,14.0
30.9109,139.83700000000002,0.43,61.0
30.9165,139.87,0.01,17.0
30.9165,139.87,0.02,17.0
30.9165,139.87,0.07,11.0
30.9165,139.87,0.94,43.0
32.3757,140.749,27.1,120.0
32.3998,140.381,0.44,111.0
32.3998,140.381,0.75,148.0
32.3998,140.381,0.77,157.0
32.3998,140.381,0.78,152.0
32.3998,140.381,0.8,138.0
32.3998,140.381,0.9,57.0
32.3998,140.381,0.91,36.0
32.3994,140.418,6.2,85.0
32.3994,140.418,6.7,118.0
32.3994,140.418,7.4,104.0
31.1059,140.888,28.6,74.0
31.1059,140.888,28.9,66.0
31.1059,140.888,30.59,39.0
31.1059,140.888,30.85,56.0
32.3994,140.418,28.88,93.0
31.1057,140.888,0.42,66.0
31.1057,140.888,0.49,35.0
32.3994,140.418,26.1,105.0
31.1059,140.888,30.04,120.0
31.1059,140.888,30.08,69.0
31.1059,140.888,30.14,61.0
32.3994,140.418,28.2,95.0
32.3994,140.418,28.74,91.0
31.1059,140.888,27.6,143.0
30.9161,139.844,0.04,33.0
30.9165,139.87,0.12,50.0
30.9165,139.87,0.92,130.0
32.3757,140.749,0.01,58.0
32.3757,140.749,0.04,50.0
32.3757,140.749,0.25,46.0
30.9165,139.87,0.96,59.0
32.3998,140.381,0.5,51.0
32.3998,140.381,0.68,101.0
32.3998,140.381,0.82,54.0
32.3994,140.418,3.2,73.0
32.3994,140.418,7.5,96.0
32.3757,140.749,27.85,87.0
31.1059,140.888,28.85,73.0
31.1059,140.888,28.95,82.0
31.1059,140.888,29.0,74.0
32.3994,140.418,29.9,52.0
31.1059,140.888,29.63,90.0
31.1057,140.888,0.75,66.0
31.1059,140.888,29.85,103.0
31.1059,140.888,29.97,75.0
32.3994,140.418,28.28,124.0
32.3994,140.418,28.56,111.0
32.3994,140.418,28.67,89.0
32.3994,140.418,28.8,64.0
31.1059,140.888,24.95,80.0
31.1059,140.888,28.15,144.0
32.3757,140.749,28.7,60.0
30.921999999999997,140.004,0.1,6.0
30.9154,139.844,0.02,21.0
30.9161,139.844,0.02,40.0
30.9154,139.844,0.02,31.0
30.9161,139.844,0.07,86.0
30.9109,139.83700000000002,0.28,88.0
32.3998,140.381,0.32,26.0
32.3998,140.381,1.0,27.0
32.3998,140.381,2.39,81.0
32.3994,140.418,6.9,114.0
32.3757,140.749,28.0,112.0
32.3757,140.749,28.28,71.0
32.3757,140.749,28.58,37.0
31.1059,140.888,29.27,73.0
31.1059,140.888,30.5,37.0
31.1059,140.888,30.63,53.0
32.3994,140.418,30.7,84.0
31.1059,140.888,29.52,98.0
31.1057,140.888,0.5,78.0
32.3994,140.418,24.9,79.0
31.1057,140.888,0.8,18.0
31.1059,140.888,25.75,112.0
31.1059,140.888,28.35,113.0
31.1059,140.888,28.4,90.0
30.921999999999997,140.004,3.12,19.0
30.921999999999997,140.004,3.28,38.0
30.921999999999997,140.004,4.17,137.0
30.921999999999997,140.004,4.23,133.0
30.9161,139.844,0.08,8.0
30.9109,139.83700000000002,0.55,40.0
30.9109,139.83700000000002,0.94,23.0
30.9165,139.87,0.19,26.0
30.9165,139.87,0.87,56.0
32.3757,140.749,26.7,100.0
32.3757,140.749,27.18,177.0
32.3998,140.381,0.12,42.0
32.3757,140.749,27.5,181.0
32.3757,140.749,27.55,112.0
31.1059,140.888,28.72,90.0
31.1059,140.888,29.29,88.0
31.1059,140.888,29.3,50.0
32.3994,140.418,28.98,75.0
31.1057,140.888,0.4,20.0
31.1059,140.888,29.4,146.0
31.1059,140.888,29.42,156.0
31.1059,140.888,29.5,21.0
32.3994,140.418,22.6,103.0
31.1059,140.888,29.67,132.0
31.1059,140.888,15.1,226.0
31.1059,140.888,29.73,100.0
31.1059,140.888,29.8,80.0
31.1059,140.888,30.3,51.0
32.3994,140.418,28.48,95.0
32.3994,140.418,28.5,113.0
32.3994,140.418,28.86,61.0
31.1059,140.888,26.6,148.0
31.1059,140.888,27.8,133.0
32.3757,140.749,28.8,77.0
30.921999999999997,140.004,3.5,37.0
30.921999999999997,140.004,3.7,18.0
30.9161,139.844,0.05,12.0
30.9161,139.844,0.09,13.0
30.9161,139.844,0.16,40.0
30.9109,139.83700000000002,0.17,46.0
30.9165,139.87,0.08,26.0
30.9165,139.87,0.25,22.0
32.3757,140.749,0.01,38.0
32.3757,140.749,0.05,53.0
32.3998,140.381,0.13,51.0
32.3994,140.418,9.5,126.0
32.3757,140.749,27.87,125.0
32.3757,140.749,27.9,114.0
32.3757,140.749,28.1,50.0
32.3757,140.749,28.3,131.0
32.3757,140.749,28.38,57.0
32.3994,140.418,28.96,39.0
32.3994,140.418,29.02,72.0
32.3994,140.418,30.5,68.0
31.1057,140.888,0.7,155.0
32.3994,140.418,27.4,151.0
32.3994,140.418,28.1,118.0
31.1059,140.888,16.5,78.0
31.1059,140.888,29.69,126.0
31.1059,140.888,30.17,200.0
31.1059,140.888,30.2,66.0
32.3994,140.418,28.3,103.0
32.3994,140.418,28.71,92.0
31.1059,140.888,27.97,131.0
31.1059,140.888,28.05,117.0
30.921999999999997,140.004,2.36,8.0
30.921999999999997,140.004,2.68,13.0
30.921999999999997,140.004,3.31,24.0
30.921999999999997,140.004,3.38,33.0
30.921999999999997,140.004,4.14,156.0
30.9161,139.844,0.03,19.0
30.9161,139.844,0.07,20.0
30.9109,139.83700000000002,0.1,6.0
30.9109,139.83700000000002,0.18,50.0
30.9165,139.87,0.03,10.0
30.9165,139.87,0.15,25.0
30.9165,139.87,0.86,61.0
32.3757,140.749,25.0,111.0
32.3757,140.749,26.8,146.0
32.3998,140.381,0.19,22.0
32.3994,140.418,6.6,191.0
32.3994,140.418,10.0,100.0
32.3757,140.749,28.63,62.0
31.1059,140.888,29.34,129.0
31.1059,140.888,30.54,28.0
32.3994,140.418,29.05,77.0
32.3994,140.418,29.7,37.0
32.3994,140.418,30.1,57.0
32.3994,140.418,10.1,126.0
32.3994,140.418,28.15,116.0
31.1059,140.888,16.2,66.0
31.1059,140.888,30.35,47.0
32.3994,140.418,28.4,96.0
32.3994,140.418,28.45,119.0
32.3994,140.418,28.69,67.0
31.1059,140.888,25.25,98.0
31.1059,140.888,25.3,51.0
30.921999999999997,140.004,0.2,7.0
30.921999999999997,140.004,2.64,22.0
30.9154,139.844,0.03,17.0
30.9165,139.87,0.02,26.0
30.9165,139.87,0.02,11.0
30.9165,139.87,0.22,30.0
30.9165,139.87,0.29,11.0
32.3757,140.749,0.06,48.0
32.3998,140.381,0.14,51.0
32.3757,140.749,28.12,128.0
